5
6
11
13
31
33
52
71
133
181
237
250
276
303
324
373
486
491
633
655
705
715
798
815
824
854
879
900
918
923
937
939
982
999
1021
1112
1153
1185
1186
1253
1254
1257
1280
1336
1353
1359
1379
1383
1416
1495
1521
1618
1624
1631
1655
1671
1772
1789
1832
1860
1901
1943
1992
2047
2060
2066
2140
2162
2190
2198
2228
2312
2343
2447
2473
2516
2538
2546
2587
2606
2656
2673
2710
2761
2772
2775
2782
2800
2830
2871
2884
2922
2939
2943
2968
2970
3046
3133
3148
3179
3282
3386
3414
3435
3464
3480
3509
3539
3550
3583
3587
3591
3645
3662
3665
3689
3704
3726
3886
3943
3985
3994
3996
4030
4036
4065
4067
4075
4087
4111
4152
4154
4186
4191
4201
4208
4233
4239
4285
4310
4351
4408
4451
4477
4531
4561
4563
4586
4633
4650
4685
4692
4697
4717
4739
4757
4790
4793
4815
4846
4848
4853
4864
4904
4925
4928
5025
5027
5057
5093
5182
5229
5246
5269
5341
5413
5434
5444
5464
5487
5583
5619
5657
5661
5698
5723
5839
5967
5981
6043
6072
6107
6128
6130
6172
6180
6216
6254
6258
6267
6274
6275
6325
6326
6336
6470
6533
6549
6578
6588
6614
6617
6678
6706
6710
6770
6803
6815
6850
6872
6899
6909
6920
6941
6952
6967
7001
7010
7014
7016
7017
7018
7051
7089
7099
7104
7115
7143
7226
7240
7275
7289
7305
7343
7432
7434
7476
7482
7491
7511
7525
7527
7560
7609
7645
7660
7693
7714
7744
7817
7952
7994
8018
8044
8154
8160
8161
8176
8218
8235
8271
8285
8354
8376
8385
8416
8424
8450
8454
8493
8498
8503
8516
8537
8560
8566
8572
8602
8657
8701
8766
8798
8812
8845
8847
8853
8856
8878
8885
